7210 -1.37458894936 -1.44133027879
10 -1.7290262418 -1.28544134936
10 -1.75758460047 -1.32442784318
10 -1.61576221258 -1.48971968295
10 -1.05753772674 -1.80107546515
10 -0.760007480007 -1.66006643765
10 -0.496268312898 -1.63537242984
10 -0.682004309246 -1.5449218665
1 1.14540087107 1.67670825726
1 1.01251451868 1.79561047145
1 0.940428055975 1.67548040602
1 0.924630590336 1.51969065324
1 1.47192033427 1.32230486873
1 1.74803710274 1.17986325449
1 1.68812936338 1.35508779177
1 1.65674422179 1.49800246061
2 -0.0536318821474 1.79333081903
2 -1.25546979058 1.68077603576
2 -1.06372261262 1.81277272675
2 -0.341200847444 1.68280864373
2 0.289410479922 1.47120557502
2 0.275196044458 1.28420489574
2 0.0843092984323 1.13722178918
2 -0.264198543165 0.920008854394
2 -0.976393926213 1.03378970896
2 -1.32999985422 1.22928764009
2 -1.53349096619 1.35918905765
2 -1.48393221853 1.51273717442
3 -1.59637990516 0.521096299734
3 -1.71213070614 0.964586560925
3 -1.74389941784 1.09491099973
3 -1.81011991475 1.01862434599
4 0.378080406919 0.640197702811
4 -0.0653117972554 0.54645126224
4 0.570128201874 0.645935202887
4 0.973384000157 0.738207849428
5 -1.41723592299 -0.148950352938
5 -1.70237507969 -0.256136347076
5 -1.85293720991 -0.0752580472309
5 -1.82320126536 -0.0619933074232
5 -1.46581986773 0.139221762665
5 -0.91880206894 0.133007796206
5 -0.328056591308 0.105033546793
5 -0.913365616754 -0.0104023178591
6 1.24083966794 -0.401204751478
6 0.734698104062 -0.340614504755
6 0.161223671752 -0.260642042189
6 0.71223109909 -0.143249786372
6 1.22507093808 -0.0251164564073
6 1.62145390959 0.0636311789121
6 1.83555799616 0.0135859144268
6 1.657707935 -0.0903004611534
7 -0.2181642038 -0.613962209685
7 -0.67787680149 -0.713512005725
7 -0.896586632675 -0.88510814139
7 -0.38439136661 -0.918686007219
8 1.45777700231 -0.730004569194
8 1.58939082661 -1.10491048899
8 1.8003737398 -1.08337844199
8 1.61751583823 -0.6705366544
9 -0.275542847509 -1.22062515895
9 1.08612283404 -1.57978116161
9 0.631961070094 -1.46441390545
9 0.174410288988 -1.39362786941
9 -0.428331441802 -1.36407683027
9 -0.111398072336 -1.67404897736
9 0.122148641128 -1.79727737523
9 0.948648412525 -1.81023753788
9 1.07536217806 -1.76271644922
9 1.43931993254 -1.37586686197
9 1.63121591761 -1.40973611848
9 1.51401773454 -1.52307695003
