1.7071861377 1.91496680424
1.60516182364 1.61911243384
1.54062847283 1.0977195966
1.72522007926 1.00087081815
1.86424794258 1.09166879265
1.96171530994 1.4058717283
2.0 1.84695604505
1.85014995292 2.0
1.12500721598 -0.297554793008
1.02112824882 0.157858407641
0.909086511551 0.595675739524
1.04875389329 0.952067029726
1.19167639396 0.948408329117
1.37857051733 0.682449420123
1.48564100674 0.0422512697093
1.43703062963 -0.404338057415
1.34399193842 -0.785031039868
1.13391154018 -1.07689936209
1.2367494948 -1.20862887987
1.22775835271 -0.851648563607
0.689315744932 0.520228409014
0.638979554387 0.953542375454
0.519035469752 0.686068823287
0.495500417433 0.183569954169
0.943525326853 -1.8727708287
0.923719634824 -1.32859901253
0.70157541907 -1.29271938355
0.793715459003 -1.86731556713
0.132500051696 -0.408588286755
0.354260889865 -0.337810266901
0.489793192464 -0.990361448563
0.487676070858 -1.60504251466
0.417496826687 -1.96185227287
0.274780542547 -1.9396097822
0.191934388346 -1.48020480644
0.153315428857 -0.931239758976
-0.338105717865 -1.86396289116
-0.473528389923 -2.0
-0.509402832219 -1.62855284897
-0.477937526156 -0.997621414609
-0.30902487885 -0.618108945126
-0.132962751026 -0.299169731524
-0.173557597573 -0.941277042777
-0.234587663877 -1.4796641332
-1.03844955303 -0.540083047339
-0.8709415194 -0.748209156937
-0.702034263228 -0.995714404615
-0.886416136632 -0.953419158757
-0.359540876047 1.31073242505
-0.259283371575 0.934190252156
-0.258241631698 0.4363476811
-0.43058102955 0.939250047831
-1.29564022047 1.44595318619
-1.33105630251 0.962947468544
-1.23146483131 0.136790798728
-1.19344968995 0.542600561332
-1.07293013442 0.803160000143
-0.934466538462 1.02572125122
-0.789895941481 1.17656032128
-0.629760166697 1.30712354436
-0.714329565359 1.84310171322
-0.857739055377 2.0
-1.01870045355 1.98157015694
-1.17234360621 1.78584386903
-2.0 -0.390082325319
-1.87302183337 -0.661366295522
-1.72751942247 -0.69567840341
-1.59693114226 -0.50346537156
-1.47192783359 -0.101043478921
-1.63933202572 0.129165258114
-1.78432637978 0.171469541062
-1.91392732612 -0.0193739078144
