1.67173139901 -0.835434226917
1.56317605148 -0.765365350973
1.35356404884 -1.39364941624
1.1251425896 -1.7771152649
1.29129763861 -1.71139628934
1.49798993351 -1.67755680827
1.64281249764 -1.16512021403
1.80636627556 -0.988908409422
-1.80620571887 0.977164490955
-1.84335886143 0.0443339629598
-1.67140662966 -0.679841541926
-1.80150570703 -1.1944076348
-1.69413657969 -1.38542154832
-1.69350849574 -1.21765829314
-1.5807789437 -0.234165750095
-1.66694210933 0.621432349338
-1.72642264845 1.07561534052
-1.35131534707 -0.592552915261
-1.49275045078 -0.108323146141
-1.617401894 0.843759102706
-1.5464576756 1.00439024978
-1.26669938552 0.751275957919
-1.48638504102 1.56106543863
-1.22415553528 1.80193765377
-1.30794925109 1.67693969398
-1.23962827873 1.10291637644
-1.20941988664 0.213956887563
-1.26311374975 -0.351772256533
-0.926512231766 -0.595424805436
-0.816796541887 -1.07482669363
-0.589356623722 -0.680674541384
-0.756763605376 -0.631287657609
-0.852265856388 1.39705510359
-1.05395513611 1.71843776161
-0.974029351123 1.06770822349
-0.653491175473 0.607784544148
-0.118191089053 -1.17772922471
-0.0882649096149 -0.377049766534
-0.375222096139 -0.34053630407
-0.558736972684 -1.44001613071
-0.893553484428 -1.78681193919
-0.339762009275 -1.74929786398
-0.0914200014398 -1.84729484651
-0.150534982264 -1.66190691137
0.363406745373 1.12746666219
0.00547982113434 1.71438583719
-0.0573046124934 1.81628241773
-0.0967141168436 1.46952231341
0.0181814088299 0.800804621806
0.129810636154 0.0732564570713
0.358100665222 0.0115459132183
0.602605737576 0.289046675921
0.968074034471 1.29060197345
0.79761800057 1.15933664651
0.647999098924 1.00272226869
0.659773816398 1.42223981564
0.891933231108 -0.329778220061
0.886126491872 -0.983127393947
1.01475366403 -1.06395223582
1.16006834817 -0.386346305388
1.22662119288 1.51584914267
1.73734036196 -0.0712890254828
1.78271401921 0.0926620252665
1.37837545425 0.979847603858
1.06421938113 1.8229323791
1.08429335823 1.8117544459
1.46832766812 1.63186261638
1.60139896221 1.35365647117
1.81295452301 1.03736653661
1.63419983681 0.734882081782
1.67064145568 0.170381235893
1.53335820891 -0.0906427280334
