-0.112803837856 0.373300933373
0.184209082118 -0.603322609815
-0.133125848896 -0.221881891004
-0.489629574342 0.599366655094
-0.215571249543 1.77725787778
-0.331777854937 1.52809421676
-0.915784167194 1.25306285822
-1.16561043773 1.65216376853
-1.73704426316 1.20222461337
-1.39443457961 1.66934199132
-1.26690557221 1.83519328595
-1.84101076984 1.06973316808
-1.76015727241 0.193989169606
-1.85057875151 0.0414872837313
-1.73264007547 -0.779183299068
-0.451882498037 -1.19790712704
-0.0857216977254 -1.82804855971
-1.08735606214 -1.83157122373
-0.853187356549 -1.68524340982
-0.560358853389 -1.729718738
-1.82375788907 -1.13455763439
-1.60495658758 -1.55090861825
-1.45043865938 -1.57190775707
0.469310870957 -1.29017620417
0.785417430009 -1.61426861891
0.333112997435 1.30848849671
-0.0252244447365 1.86490977087
1.04541871529 -1.85113188899
1.22602745949 -1.69237132621
1.31098205681 1.60841531535
0.935280141071 1.61656363155
1.37026734071 -1.76022839438
1.0811350332 1.85885779665
1.61671493008 -0.934692766811
1.84927018015 -1.08985899786
1.78455886302 -1.16057762805
1.64593013608 1.40638023347
1.84712505447 1.11601619635
1.7630702139 1.31664854794
1.84810253407 0.0633545544057
