-0.0300252107006 0.296014787209
0.293094213542 -0.464902102233
-0.00448412532285 -0.155214585126
-0.345242030223 0.489904664312
-0.349243857664 1.79806279956
-0.243694900652 1.28780094389
-0.705746216083 0.985197830173
-0.981201357954 1.2667928758
-1.55681274761 1.07251741826
-1.31395983847 1.38531696677
-1.49431212693 1.94580366551
-2.0 0.713845578641
-1.99068769828 0.545119192019
-1.74429623067 0.458705838552
-1.65943593255 -0.396972346568
-0.220742501953 -0.86891337159
-0.0934074988325 -1.40726871226
-0.781879784451 -1.39531180944
-0.469696166716 -1.37924580962
-0.384140949507 -2.0
-1.3768311568 -0.940521829227
-1.26439431964 -1.24844222186
-1.11002397192 -1.23901968332
0.6174877191 -1.00885092137
0.881906545882 -1.33518378758
0.254871134869 1.06730046713
0.153095605013 1.66603390979
1.14590560238 -1.49544448132
1.45717522601 -1.45805345865
0.893482878212 1.2621090374
0.565138280714 1.38406708415
1.63773097785 -2.0
0.521031285828 2.0
1.74817320953 -0.846364893337
2.0 -1.00036884914
1.9972444195 -1.15806629128
1.22435889919 0.978612164008
1.47864355252 0.599971435965
1.38698880671 0.925934366965
1.7293236825 -0.00944166232726
