-2.45528741006 -17.9174620727
-0.218277061659 -24.2716631344
1.26367981711 -21.2042373329
-0.39044800396 -16.1546494832
-3.20937290303 -11.7604676506
-25.6275505381 -2.96298532313
-26.7501259152 -1.40407541372
-21.4952954046 -3.93795080608
-16.3125033581 -6.68296975924
-20.4070604415 -5.82402140987
5.1184899942 -35.5839093824
0.121267887379 -31.4857794498
-3.01874593908 -38.0439034158
1.78635007902 -42.527840257
5.01927015805 -40.0803567386
-33.4224243322 -10.6514566156
-26.0611662838 -11.9771590964
-34.1171842477 -8.65644988795
-39.3617601116 -7.40975719889
-39.1626080896 -9.27539530427
-19.9907457535 -47.1607614013
-15.6233477759 -49.5381521888
-10.5197508251 -47.8710204916
-8.43214786698 -43.0866611445
-14.2251609258 -45.2327633655
-30.1970907866 -25.1115774331
-32.0304676622 -30.6478500152
-35.3263342663 -27.0760659508
-34.1288017074 -22.4269430425
-29.4074004204 -19.3697611308
-35.4843932101 -41.3373070261
-34.4629139417 -45.8241116795
-30.8247323592 -48.5030973654
-26.6201179344 -44.3282929572
-30.7406891813 -37.7386897365
8.91470168319 51.5573988626
7.64642432689 45.074413819
6.67015391437 51.9394560227
8.6775661824 56.6300684255
6.78942441361 56.8541909189
-11.4519452989 43.0903934618
-9.42792485744 46.7963415699
-5.08257659419 47.6701240971
-1.1045439333 42.5985701635
-7.1537275111 38.2541831181
21.4473786769 45.7690127037
17.1482617961 40.6942443914
23.7648394338 43.9626719553
27.4832567191 47.0817779177
25.5595391267 48.7481662382
-15.8943640015 30.6592420553
-11.1940362487 32.4064357149
-11.8219072944 26.6567942608
-13.3559696452 21.2386079315
-16.7929236056 25.9750075863
20.4557727296 26.9504583183
21.159012628 21.0033902903
25.0120995704 24.5137674109
24.7625714608 29.4170514811
20.5735068992 32.6983109282
-17.526367175 15.3214192561
-11.7799176093 13.8209579728
-9.32150250281 6.06259857375
-13.0646541534 7.95194774194
-16.6927424144 11.8508322371
15.0109386089 8.18786659465
21.2996069974 6.72747815265
25.541810967 8.83322486329
25.9293944821 12.5667100746
19.2055297762 14.1244858252
-5.81843483483 -3.03553043348
4.82967047337 -1.71325706511
9.14271923633 3.44674314865
3.98973758156 1.98070736436
-0.818786595725 -0.161161422334
22.6811463368 -9.61960760842
17.4253544807 -7.14040226882
11.359737826 -5.18088619281
16.6453582132 -8.83852518051
21.9061599283 -11.1825595192
