1.18386891208 -0.560582675817
0.846014530878 -0.386818350644
0.549665426233 -0.286496563538
0.938874800486 -0.638467905861
1.32398954904 -0.709260120014
-0.368895815737 -0.151447965303
-0.7214667984 -0.0995650244163
-1.0369793611 -0.132892093689
-1.08513108949 -0.252364106042
-0.676959598922 -0.345502576804
1.36970429014 -1.24670749535
1.84762695453 -1.38725741089
1.97282194444 -1.27960822812
1.78478499395 -1.10128710301
1.29050619701 -0.962842001774
-1.81350899615 -0.583705479386
-1.43854704681 -0.599052554616
-0.95944728029 -0.590736940191
-1.55065652024 -0.505852034268
-1.90205204984 -0.497930819022
2.0 -1.97479480452
1.85259370134 -2.0
1.57059916028 -1.81221608456
1.26089777761 -1.54154130623
1.74503627079 -1.78909908554
-0.643486175515 -1.33046144758
-0.308259501368 -1.42157749434
-0.513801155604 -1.18193068591
-0.75739540739 -0.94285884692
-0.834286021018 -1.12626483763
0.340303707975 -1.80861301613
0.104685461848 -1.63838018226
0.475735509724 -1.68135549757
0.826121013416 -1.6888601163
0.668475756598 -1.83351819311
1.29161140434 1.94589729476
1.01423706552 1.86847333299
1.00791976092 1.62118218993
1.24319423012 1.78579304526
1.14197647842 2.0
1.49355850889 1.33689429435
1.62645703733 1.10622649972
1.79735057364 0.857874152782
2.0 0.97484191369
1.85671979549 1.18435449381
0.030552129812 1.83858543259
-0.258691281846 1.78487860322
-0.235863359242 1.58804985334
0.109844413196 1.65020607701
0.410983618157 1.7251944049
1.45981836935 0.488576522649
1.2653790775 0.333673188049
1.70672731497 0.326155776931
1.91235642654 0.431845966796
1.73054488438 0.6144845932
-0.422599437912 0.945213259894
-0.708026528254 1.19632997233
-0.732054259834 1.38414892695
-0.432267390639 1.39307878291
-0.385130168687 1.15449627302
1.28041303703 0.0389662038655
0.858239541761 0.143007694795
1.40457441332 -0.0316303156593
1.85681219439 -0.150888327115
1.76103505691 -0.0940795198875
-1.24110233348 0.979888702072
-0.789844366001 0.787662833471
-0.370061614072 0.603716636046
-0.928520202295 0.801428127334
-1.34793051029 0.979624107051
0.0114227540668 0.164677486607
0.182107623248 0.0740982615854
0.117158096817 0.0197343492372
-0.216538103745 0.14244397588
-0.427017496975 0.234204357868
-1.5652690287 0.564497861406
-1.05408275058 0.38970337325
-1.57104829405 0.49048046748
-2.0 0.618623987563
-1.99417642273 0.689539437092
