0.508782430039 1.10020310941
0.565013198679 0.940097014913
0.428817656154 1.15631452601
1.30413711666 0.394704266683
1.23193696453 0.460722041874
1.06353550308 0.505448011346
0.0720026264014 1.79542920972
0.196311713891 1.69946128752
0.466784448722 1.49084720993
1.40132667552 0.628761315371
1.47793026125 0.798759017477
1.49234967576 0.648771542549
0.532574505821 1.71863883835
0.74232785825 1.66994078591
0.663639649679 1.72315486761
1.76279623717 1.03049470048
1.56758230896 1.06565563317
1.80993533141 1.01837789342
1.04627293081 1.82008368347
1.47121670349 1.67838852414
1.28367417984 1.70096386362
1.30288585924 1.63500908929
1.12387934868 1.60930651124
1.14564591347 -1.74147587458
1.03893664922 -1.7390335761
1.42526455466 -1.34940610686
1.51040587377 -1.5701311426
1.52151263446 -1.65915521278
1.76527615849 -0.997087867659
1.80650327493 -0.979803364622
1.71073769277 -0.873710473872
0.757513988256 -1.74005534188
0.882329288471 -1.81958936586
0.779881444324 -1.77677428974
1.73066442212 -0.100668831114
1.78428110021 -0.0880360137344
1.65666475287 -0.288495114183
0.147864538763 -1.76821032179
0.260777373906 -1.711754571
0.22321557503 -1.64117294771
1.48798386512 -0.0810397266567
1.18103813333 0.00895756700163
1.36528596633 -0.0463217461806
0.205473949905 -1.11950234638
0.236025475985 -1.26116659006
0.183738671613 -0.910109345336
0.618830595658 0.396678563952
-1.62504461613 1.43093499951
-1.75686412233 1.21935475053
-1.68197571988 1.10780066188
-1.35847112721 0.845256895211
-1.05760936166 0.48668737571
-0.794213913717 0.126214401633
-0.540294232488 -0.285282060763
-0.251113289231 -0.374561224735
0.0345900480676 -0.400448737829
0.192782390239 -0.0908459436254
0.210439706262 0.800836256968
0.338554406391 0.117406253335
-0.0620307387344 1.14510670006
-0.269883245601 1.48395066568
-0.398813503555 1.66117266721
-0.767025566656 1.68378484243
-1.07297262996 1.81090859631
-1.18608910411 1.76132741352
-1.43172414695 1.60318568787
-1.8234177495 -1.01578758832
-0.712045412768 -1.21350391623
-0.705007702219 -0.924968269767
-0.72346198811 -0.531314424338
-0.98785114242 -0.35773862513
-1.22094140262 -0.200167404121
-1.45494463408 -0.027455839554
-1.6646057996 0.108750489303
-1.79311919567 0.135298719498
-1.84090119665 0.0923993611077
-1.71561323604 -0.101631567037
-1.64230163639 -1.28069676016
-1.66336321694 -0.719253896642
-1.57122118066 -1.56379253088
-1.40985934232 -1.59033845861
-1.11226127979 -1.70341251945
-0.999001119244 -1.82473637602
-0.952564330191 -1.76240583725
-0.841728963541 -1.61237677114
-0.748092689161 -1.44186276246
