10 1.28894159594 -0.20086242259
10 1.11866899556 -0.220589576899
10 1.39587064735 -0.200450359914
11 0.276864887972 -1.26549797665
11 0.230705270039 -1.16165620361
11 0.196032787549 -0.994927260651
12 1.68594389287 -0.122136384427
12 1.68850597214 -0.214289557999
12 1.81009514056 -0.0426440892504
13 0.388731836699 -1.56323504664
13 0.243429676944 -1.70849500705
13 0.130435394252 -1.78351060185
14 1.74916636757 -0.873169181543
14 1.67953632422 -0.709101697784
14 1.81056008155 -0.973469237703
15 0.811969829599 -1.70333103744
15 0.92897805931 -1.81730478205
15 0.948679379092 -1.80402579542
16 1.59312080786 -1.1803128416
16 1.14532146518 -1.61243005412
16 1.30760935546 -1.62695724819
16 1.58194082604 -1.61731170374
16 1.58476401121 -1.41402863383
1 0.781558142922 1.62797322555
1 -0.0370115444411 1.8401289877
1 0.54831242971 1.6276391455
1 1.10229386371 1.82108259299
1 1.14425539043 1.70940870411
2 1.48699248333 1.39737202764
2 1.67035167035 1.40802855413
2 1.62725040107 1.45834978912
3 -0.827773390573 1.68260503
3 -0.296704630206 1.68869321087
3 -1.04656061104 1.78708474525
4 1.69988499255 1.10006789307
4 1.6556631005 0.987264487083
4 1.80337304755 1.05928637019
5 -1.30806124569 1.64386574917
5 -1.44098941604 1.6653774735
5 -1.36577034847 1.69839630976
6 1.59684376139 0.65427430268
6 1.40769473426 0.570676227682
6 1.62330540193 0.63427200974
7 -1.80319465087 1.08836003025
7 -1.76408611834 1.05289176021
7 -1.63735002978 1.21634472452
8 -0.812423108717 1.01821503678
8 -0.404860222499 -0.519797058834
8 0.0451510487801 -0.612960114382
8 0.335359829765 -0.401345539303
8 0.708464924766 -0.176625972628
8 0.963398791766 0.182811816774
8 0.881124244817 0.308585535658
8 0.746478190592 0.4372645072
8 0.561899183351 0.582008315942
8 0.318603450679 0.730320405063
8 0.0118749918808 0.871602789012
8 -1.17743053832 0.988442693638
8 -0.382759076045 0.968783964491
8 -1.49349042602 0.9273645181
8 -1.67078770919 0.882931493805
8 -1.55690316955 0.754406493308
8 -1.43247650165 0.474914399755
8 -1.24142772402 0.276850650241
8 -0.960408317297 0.0542792211143
8 -0.681026082069 -0.199531155836
9 -0.664794715653 -0.983999346307
9 -1.83133583225 -0.930053145525
9 -1.7747180739 -1.04990958554
9 -1.64098920243 -1.53254791576
9 -1.54144622531 -1.52365154955
9 -1.24459713988 -1.60162804002
9 -1.02529421042 -1.78254205579
9 -0.986683921735 -1.81031741825
9 -0.910687308684 -1.6951126027
9 -0.785261468232 -1.54661440203
9 -0.704093165638 -1.39911471552
9 -0.669668263364 -0.704676470547
9 -0.674788481658 -1.20924007156
9 -0.987925438109 -0.606423025659
9 -1.26464084699 -0.509512486385
9 -1.51347291486 -0.383396633908
9 -1.69949254848 -0.233025718777
9 -1.79293575175 -0.150658615551
9 -1.76328063783 -0.268085557673
9 -1.73446533436 -0.613338883158
