0.896305612808 0.751238667818
0.894036807601 0.626258497534
0.848134435805 0.77584404137
1.31191673203 0.334741876191
1.27734345473 0.37640436424
1.16102310083 0.365341573368
0.919880626394 1.34292892277
0.966977103523 1.31545044544
1.02337830048 1.13754602011
1.50324409042 0.615063037635
1.63564164727 0.780353303088
1.62217995972 0.670021133252
1.21402603177 1.70616270577
1.29104959456 1.47347177989
1.26248494572 1.67819982761
1.96625649768 1.15264148948
1.7905120761 1.1126792653
1.99876679376 1.10468039285
1.75677182971 1.84683383093
1.95811922385 1.93958452384
1.8833602322 2.0
1.88933257807 1.7390806225
1.68320362287 1.54303067679
1.67959096508 -2.0
1.5226420075 -1.76304004509
1.77568834784 -1.53880630166
1.95359277557 -1.75218736381
1.86170562934 -1.93642974455
1.93301457162 -1.23912679253
2.0 -1.13492691593
1.91422572907 -1.02030216457
1.16034462899 -1.7763805502
1.19522472647 -1.9848985116
1.15196750133 -2.0
1.61518474038 -0.544192459926
1.73609668718 -0.617910496934
1.76147062238 -0.725198546496
0.777255057719 -1.47254064696
0.868146400036 -1.52390980714
0.723186981362 -1.33787858048
1.35198659728 -0.306620678727
1.15567008821 -0.149515734434
1.26905259133 -0.228504275298
0.480540999104 -0.933216924679
0.54280833949 -1.02781154082
0.434994436325 -0.803444576125
0.816810339195 0.167922406216
-0.786273049166 0.803195500712
-0.854275297911 0.596505336154
-0.813527007981 0.371264703751
-0.682819940741 0.158019807047
-0.535835681895 -0.0488931306029
-0.390344761346 -0.248452103729
-0.237640258369 -0.473810792989
0.0260000189612 -0.487650609441
0.289671109702 -0.480846117634
0.443265526042 -0.259158474794
0.574067941891 0.422536050724
0.57495385241 -0.0929988656569
0.41212248598 0.625921692031
0.254376557359 0.837856536188
0.0926949205268 1.03398325064
-0.110192691529 1.12168689129
-0.316552294734 1.1503020004
-0.509875836361 1.10051151388
-0.668520030223 0.975193824407
-1.9978137898 -1.26176337001
-0.643896254241 -1.10402574013
-0.551862669196 -0.91219928363
-0.473819062532 -0.669444509753
-0.707901411528 -0.628954232844
-0.915179612706 -0.604655324648
-1.12445168057 -0.588314472555
-1.32866586731 -0.592447188276
-1.52069576577 -0.634206276715
-1.69158598898 -0.725927717548
-1.83273343621 -0.867133917848
-2.0 -1.49513803944
-1.93737608924 -1.04906122463
-1.81347623428 -1.62386164568
-1.6103225017 -1.69055021656
-1.40581070426 -1.70272326076
-1.21099317213 -1.66329981932
-1.03477154328 -1.57539133418
-0.882325887842 -1.44568237135
-0.753304955446 -1.28480898086
