-1.73928242506 0.0335357674987
-1.6465379542 1.22801727458
-1.35784148601 1.49851532314
-1.51567089425 -0.68125648961
-1.62796822318 -1.27010683653
-1.12214374314 1.43161184149
-1.23835407563 -0.968649869497
-0.716945615544 0.834845076161
-0.831595757426 -0.593883288354
0.103397791583 0.0114348754664
0.733356085096 0.795236268547
1.55833928907 0.545638645697
1.732780456 0.720077940414
1.70037250907 0.995990301985
1.383816873 1.46561701296
0.850757417615 1.6960311584
0.0141796249576 1.74529751463
0.172589866109 1.50146551316
1.18543523275 -0.323248259069
-0.107072233586 -1.05982234518
1.56113409059 -0.387635017625
-0.39230356001 -1.6369764478
1.76974570848 -0.989807101547
1.54635786447 -0.98845768738
-0.267640286514 -1.78189187071
0.994130371386 -1.74967696332
0.851673240516 -1.59438239966
