-1.98523663624 0.230995243831
-1.76381885139 0.542865920702
-1.31443642271 0.673389497531
-1.60276345571 -0.182247832777
-2.0 -0.396312699916
-0.817328986817 0.623517984506
-0.992408170015 -0.279779187596
-0.332896277328 0.44508829197
-0.479440403314 -0.180277338147
0.33037571898 0.0724657859669
0.908222390266 0.786462889413
1.477783573 0.950258966799
1.84833943192 1.22408693135
2.0 1.60875307543
1.86395902134 2.0
1.37689512758 1.94841176858
1.01355564096 1.67963830545
0.86314247906 1.28727956864
1.00213817128 -0.333781991345
0.367085780932 -0.613262620334
1.3558106191 -0.656205736377
0.451888620474 -1.04420689394
2.0 -1.30034331539
1.57062569476 -1.14013208141
0.68850204346 -1.39600724607
1.3153470723 -2.0
1.20446023158 -1.63138793187
