1721 -0.799693094997 -1.73419609915
1 -1.13398937909 -1.8447662758
1 -1.22732766552 -1.82394186482
1 -1.20481500362 -1.79432587063
1 -1.02818149019 -1.67636292958
1 -0.705565639 -1.6403376462
1 -0.383673483161 -1.67955846729
1 -0.116400131485 -1.80321990044
1 -0.0843025096828 -1.87404242004
1 -0.179739702678 -1.81722543872
2 -1.22335480312 -1.50523113029
2 -1.17319570721 -1.61762812408
2 -1.37343372436 -1.67463065868
2 -1.44751669583 -1.6068051474
2 -1.46691498915 -1.51074927114
2 -1.28968611283 -1.38951045316
3 -0.0239487229947 -1.88374828
3 0.0498895822349 -1.75947786742
3 0.614565656322 -1.64976420608
3 0.652471486385 -1.70024252135
3 0.464106197291 -1.71672249735
3 -0.0132205490184 -1.88411438952
4 -1.59550895479 -1.3037576955
4 -1.29701973432 -1.19253112294
4 -1.62962311086 -1.28514580003
4 -1.79290265695 -1.30409486716
4 -1.83000625631 -1.35493232751
4 -1.76706630159 -1.34335580527
5 1.29936206122 -1.70454971534
5 1.24831878963 -1.62332593119
5 1.0186307927 -1.71468115827
5 1.08813124952 -1.83605419435
5 1.0943727901 -1.87569069624
5 1.22307856528 -1.78326335053
6 -1.29846436306 -0.999361722924
6 -1.0839084738 -0.901276856347
6 -0.862961054563 -0.582560240888
6 -1.03277880906 -0.681742808465
6 -1.22392472401 -0.826264999135
6 -1.42068805243 -1.01646202956
7 1.52339119022 -1.48417317631
7 1.64645036886 -1.55653899838
7 1.72010223312 -1.56106356162
7 1.78376531385 -1.31752088238
7 1.79442174159 -1.25091414313
7 1.69158457936 -1.28393910164
8 1.23219079342 -1.15226032053
8 1.41014199541 -1.17523935955
8 1.57217555333 -1.18361271705
8 1.70970762441 -1.17457728244
8 1.81483251918 -1.14033881853
8 1.77557889644 -1.13112307814
8 1.72734123463 -1.02502988088
8 1.5962364836 -0.898822797413
8 1.49212116247 -0.75869619399
8 1.39151165867 -0.614210835912
8 1.28759397673 -0.475389048557
8 1.17330283781 -0.344066835966
8 1.04893194681 -0.21947019348
8 0.91760038132 -0.104037485325
8 0.782780720996 0.00157056089451
8 0.645546213011 0.0931987801267
8 0.507650543528 0.169309553327
8 0.370600428982 0.228448212474
8 0.234946866445 0.266545539204
8 0.101755348345 0.284870339519
8 -0.0267587973047 0.284467880306
8 -0.149098726701 0.267018610799
8 -0.260903467826 0.241941015449
8 -0.355058140624 0.213212492863
8 -0.452198849564 0.16902065592
8 -0.622501987812 -0.228035669331
8 -0.623305647599 -0.300022528734
8 -0.595655512127 -0.365343121076
8 -0.554330024992 -0.441260655452
8 -0.497431771844 -0.521506773427
8 -0.420941191392 -0.600230253591
8 -0.321730000576 -0.674136400996
8 -0.198899468013 -0.741704120541
8 -0.0579115645466 -0.806349260618
8 0.100244368338 -0.866947435091
8 0.273356182704 -0.923322625628
8 0.458614163529 -0.976005917327
8 0.652172793555 -1.0261885969
8 0.849030664236 -1.07383408644
8 1.04380666633 -1.11742676858
9 -1.84216124341 -0.333204509354
9 -1.82192138861 -0.414589309112
9 -1.80038262683 -0.454839918475
9 -1.76674915079 -0.447036986692
9 -1.7095977466 -0.399499149538
9 -1.61931622012 -0.326270100576
9 -1.49653971836 -0.236757507388
9 -1.35428406189 -0.139228021505
9 -1.20554104271 -0.043257693647
9 -1.0572650765 0.0441691879139
9 -0.912836142015 0.119996995512
9 -0.774320138966 0.185165638493
9 -0.616981194537 0.262119032585
9 -0.628887408226 0.440237583294
9 -0.64522953211 0.595767188
9 -0.661222440206 0.758042444123
9 -0.67695051078 0.92218790535
9 -0.694802368605 1.08121936753
9 -0.71942437313 1.22752138038
9 -0.757963434097 1.35584721425
9 -0.817726888406 1.46805139298
9 -0.898405582351 1.57516994255
9 -0.979594614768 1.68992432669
9 -1.02216119001 1.80584253745
9 -1.02804355311 1.84889765721
9 -1.04212577386 1.81884587522
9 -1.11301979493 1.72756304014
9 -1.28320924706 1.63105104768
9 -1.48905724579 1.59468014654
9 -1.65116970743 1.62764550907
9 -1.74767331013 1.6934772975
9 -1.75520814729 1.67832494105
9 -1.70110500844 1.4472105882
9 -1.8146635109 1.01475869091
9 -1.88569686692 0.948604929597
9 -1.7898836394 0.796920690416
9 -1.72669953893 0.402564290811
9 -1.79724026972 0.0367858785166
9 -1.88896836974 -0.13568179749
9 -1.86855624254 -0.229898310514
10 -0.0642935355415 0.847941313288
10 0.0611475698796 1.13526916688
10 0.011171525036 1.21582823299
10 -0.0769194693084 0.99982905275
10 -0.180423936924 0.75571145741
10 -0.220697024051 0.571780725579
11 1.7331119668 -0.730673486607
11 1.82969545347 -0.995638185802
11 1.73447088969 -0.918920429993
11 1.6845429153 -0.608495450886
11 1.75723702685 -0.300385429828
11 1.75936493626 -0.372500219445
12 0.00215668554358 1.85389828801
12 0.0720915228377 1.65150823222
12 0.160328019306 1.41127447601
12 0.276902486346 1.52153834313
12 0.149479053589 1.6864083103
12 0.0254259028376 1.8291643416
13 1.6847025862 0.155689573795
13 1.84082544474 -0.109826528229
13 1.8775744091 -0.0754608034415
13 1.70812814367 0.19065596739
13 1.7092531551 0.744965623762
13 1.67896621518 0.717607191817
14 0.970890062751 1.70763663101
14 0.786220045042 1.59739283274
14 0.525455102246 1.54658808303
14 0.644221334782 1.63276092495
14 0.912456234233 1.74134701099
14 1.01073085411 1.86615912896
15 1.66872090921 1.10751070665
15 1.78073329892 0.951543275381
15 1.8766967383 0.995216048271
15 1.84160864429 1.0183330497
15 1.69204380733 1.31588370468
15 1.67554988444 1.26709208273
16 1.23362194817 1.58291860493
16 1.38024699411 1.52027440218
16 1.4874014645 1.46753308362
16 1.56521185032 1.38378371206
16 1.69732421225 1.66847475121
16 1.71114076407 1.71624030102
16 1.58763079332 1.66911958335
16 1.35241818357 1.65761757357
16 1.12575057911 1.73367359872
16 1.07774324915 1.68861286034
