1.78118869011 1.05950593127
1.8557080077 1.08132951437
1.77233320071 1.18898560341
1.67449471275 1.2640477209
1.54357148559 1.23441777602
1.61826753249 1.00602763734
-0.887665363607 0.555020391907
-1.06329524842 0.763350416548
-1.26975598984 0.957238502253
-1.46892087147 0.992056493589
-1.31069402283 0.85615882973
-1.11415449549 0.684770925239
1.41630246399 1.67440888075
1.27419680317 1.76058432
1.20255682877 1.73200475415
1.30455667615 1.6024090006
1.42906662355 1.45989056266
1.50382476858 1.57976171848
-1.67680378027 1.29073127188
-1.45098313865 1.335883437
-1.44425163094 1.22690768381
-1.44107940625 1.12449414414
-1.72580565681 1.15545737686
-1.74369544466 1.19946225461
1.10149655323 1.84747285325
1.08850091259 1.77556160662
0.733691872489 1.62858981223
0.190916053193 1.66640476659
0.320478927759 1.66192855105
0.874293690801 1.7012049014
-1.60392884073 1.57872875722
-1.49435169109 1.64845551852
-1.37374319556 1.65410394456
-1.21577760569 1.60665111366
-1.36401538554 1.47895629163
-1.54944320598 1.52006053474
-1.14780959478 1.81109680301
-1.14860149246 1.76770634053
-1.05318689311 1.78706876655
-0.608824573029 1.66357063129
-0.0872910360511 1.80777949672
-0.0382205498938 1.86000966287
-0.0640246102709 1.753960506
-0.323056760768 1.6333938399
-0.690704502857 1.59778134514
-1.03673077508 1.66062666688
0.878688823647 -1.57357107476
0.95409865288 -1.74913958855
1.00704284974 -1.51576888186
1.1294465174 -1.43601569032
1.29362610483 -1.33407487199
1.3010173252 -1.4859881683
1.2634222963 -1.58473819826
1.09668708475 -1.70634669165
1.01711262275 -1.81897123952
0.998181807118 -1.83352728876
0.458014527783 -1.51705737655
0.653018312238 -1.53664810107
0.567086825892 -1.61409399309
0.323591784162 -1.65361056257
0.183058784327 -1.70287988021
0.301713780746 -1.52957680216
1.61915974592 -1.33553892881
1.59944668609 -1.18363319399
1.52395759399 -1.09643030875
1.56678484438 -1.25136897531
1.60568760268 -1.41195703432
1.67558875735 -1.58069084443
0.0484701657018 -1.79423804131
0.138257346549 -1.61920592467
0.245666249145 -1.37360212923
0.166953336624 -1.105949511
0.13365263628 -1.31866678697
0.0942936637866 -1.56416154738
1.78184416216 -0.843238296751
1.73865075964 -0.786073433296
1.66060120864 -0.792041032009
1.75141120589 -0.853222908187
1.81113578998 -0.912217324835
1.85080740191 -0.948335100485
-0.029181223984 -1.01359060404
-0.0532560527977 -1.16390798138
-0.0706156448723 -0.973796915189
-0.0555107917662 -0.821238453021
-0.011495991143 -0.715547800501
-0.0101356621761 -0.854279411706
1.6638605673 -0.09513701122
1.67792769182 -0.163582088748
1.65895694095 -0.274415810664
1.64444756715 -0.445891993845
1.71561349997 -0.192379632101
1.7499687147 -0.0971041755863
1.7450736607 0.197617134636
0.506534281219 -0.394334806681
0.335684567954 -0.421687788343
0.170223040211 -0.432237882545
0.0100242893811 -0.432037293005
-0.140042491125 -0.433843369828
-0.296198897674 -0.43060702388
-0.241932632499 -0.359003566605
-0.360680328214 -0.121772718986
-0.465137306302 0.0585933321592
-0.606683538389 0.280640045995
1.79547766372 0.109201845645
-0.587292258508 0.350060797141
-0.547557775975 0.41358229587
-0.493052101221 0.483041781088
-0.420646295329 0.553826195781
-0.325932745642 0.622629233941
-0.200844796523 0.684953928798
-0.0378884819693 0.73494291788
0.143575243912 0.782192413656
0.346669455987 0.821054080411
0.558087690628 0.85766402049
1.77244530125 0.082466010243
0.772967836831 0.888980616053
0.982808675614 0.912806358813
1.18110085917 0.925369217965
1.36339589685 0.92404236762
1.52719287959 0.911694036563
1.6699532534 0.904776660712
1.70558582877 0.847779238166
1.68565573356 0.735627262388
1.65170575177 0.685427702639
1.59798673192 0.666742789809
1.67385037006 0.0526480097019
1.66629025627 0.373081089344
1.49874102825 -0.0597138239827
1.24475232031 -0.156737808118
1.05263343392 -0.230974417749
0.865779102902 -0.297743914231
0.683315957053 -0.352097069678
-0.53437945106 -1.36477922839
-0.95121033096 -0.296632174268
-1.10437975653 -0.225306755853
-1.25564998701 -0.145959514607
-1.40210767847 -0.0605768085071
-1.54028858081 0.0240202626338
-1.66295944174 0.0931017385749
-1.75772814164 0.129620185665
-1.81847136139 0.130956553517
-1.85157098732 0.112235790801
-1.85838332381 0.0874754032407
-0.533680717171 -1.24041851869
-1.81193066039 0.0272390795402
-1.72153366617 -0.1591711882
-1.67703005395 -0.422302147959
-1.71551918198 -0.751830414115
-1.8116648928 -0.945133013864
-1.84336053227 -0.998389380586
-1.70762376667 -1.14421469901
-1.64405491544 -1.51010869965
-1.65936273545 -1.61806935921
-1.59831876349 -1.59512137375
-0.535046115366 -1.09657539791
-1.46119644172 -1.57789538477
-1.25862775203 -1.61908087755
-1.0768978279 -1.72215782462
-1.00358345697 -1.81281393309
-0.986273418156 -1.83583300804
-0.960255608391 -1.80713032608
-0.897692981166 -1.73654649759
-0.780531815587 -1.65077370527
-0.66521692636 -1.58804359824
-0.586414333375 -1.53233560246
-0.532611889164 -0.943800153127
-0.547138968009 -1.46193970607
-0.522808381963 -0.791983656261
-0.504057085843 -0.649038803988
-0.477474465156 -0.493034470606
-0.650169687037 -0.418031407104
-0.799036666773 -0.360080059268
