1.26797706276 0.713120357247
1.33814625139 0.786144508376
1.29074203825 0.940376761085
1.18339633632 0.965767025299
1.04942193879 0.917861411048
1.12051694257 0.678739212542
-0.478934168561 0.13849280675
-0.540265911133 0.327283523795
-0.611328083297 0.51726713587
-0.708965709656 0.506616037235
-0.663252782079 0.364225474423
-0.591069031082 0.219701751385
0.929072062636 1.40363857204
0.832954691088 1.52813245051
0.7248705695 1.47124513783
0.831310265264 1.30470335756
0.944683923099 1.14006482905
1.00046991813 1.26430427185
-0.788468530815 1.11589081101
-0.658900199198 1.08831538859
-0.653379373509 0.910554214437
-0.661723634678 0.738292330596
-0.784232325938 0.842655739409
-0.803689349083 0.984479797686
0.537327274964 1.76325540616
0.553348883348 1.61647998278
0.382441818458 1.66762244923
0.215327080678 1.72142196933
0.272089880081 1.84408966319
0.405592258406 1.82031935539
-0.820369510197 1.52686099263
-0.760507183762 1.6357177953
-0.652673358616 1.58289648342
-0.524739401679 1.45064510493
-0.618861629073 1.2861126423
-0.754170587151 1.40879288084
-0.471780340786 1.87333416857
-0.463037771833 1.74653544883
-0.374673137473 1.94297870969
-0.256923029519 1.98614661255
-0.130463093702 2.0
-0.0445345618745 1.8995042397
0.014955094047 1.72958869015
-0.12896238777 1.67699351697
-0.248654741704 1.63317809211
-0.39142968121 1.58008174586
0.962056106199 -1.699774634
1.02329359165 -1.87951404887
1.09994953994 -1.66896657872
1.2146739261 -1.6443347805
1.35162381844 -1.61664824017
1.42348732342 -1.78757684521
1.43780702955 -1.91950069405
1.33916961302 -1.97579493302
1.22396514173 -2.0
1.10370533371 -1.98961173051
0.63357617595 -1.55871710481
0.779802657619 -1.64877799611
0.748384465714 -1.78343075688
0.631120596309 -1.73711124981
0.520916981906 -1.65084637627
0.488054943392 -1.48008716707
1.786850184 -1.71324363348
1.66956196878 -1.60534870928
1.5135387535 -1.48970647226
1.65118132941 -1.64700271114
1.76323910735 -1.75961058474
1.87070655189 -1.82279551073
0.26460212168 -1.51126077724
0.310822890767 -1.44508038552
0.32934792983 -1.3019263656
0.178295409966 -1.10336416037
0.169375980456 -1.23348893219
0.1803704074 -1.3725025933
1.89613028122 -1.30800816716
1.76639196437 -1.26715889978
1.58941976746 -1.25175143207
1.75705017942 -1.31621886149
1.88940027896 -1.36431767684
2.0 -1.38581995984
-0.0331221914857 -1.03873748178
-0.0682079866089 -1.13472970487
-0.0736750151551 -1.01526090112
-0.0499143007107 -0.911842029915
-0.00498881722593 -0.835936755272
-0.00831479740026 -0.932467572163
1.20354705213 -0.637047766215
1.30887967416 -0.77475264368
1.40427710942 -0.898092993685
1.50337326626 -1.02711199686
1.43223810437 -0.870848814617
1.33522763993 -0.748265224331
1.17561973231 0.0681647591436
0.408182052751 -0.60911667126
0.279241673838 -0.618820614577
0.150219016689 -0.621934389349
0.0230195856329 -0.623890492234
-0.0978411693797 -0.634035232449
-0.224783886534 -0.647659704887
-0.172736895892 -0.584946400558
-0.235934303895 -0.404387197464
-0.286539529946 -0.261957273701
-0.348614063671 -0.0795734133662
1.16023768715 -0.0649335327151
-0.324211776738 -0.008326655742
-0.288663159063 0.0615922956766
-0.244538009177 0.140318058081
-0.191322977952 0.223079666742
-0.12734278754 0.305955920306
-0.0485513866631 0.383419638448
0.049254479263 0.447527263093
0.156001252964 0.505336109791
0.274148862981 0.549981575311
0.397329901851 0.586934211201
1.13092922467 -0.19327129603
0.524873697978 0.613096723112
0.654656778348 0.628268855231
0.785201878897 0.631820028129
0.91577225218 0.622474381982
1.04895152985 0.599285801193
1.19674628831 0.56438699256
1.27576067934 0.50272918996
1.27744024935 0.438568528074
1.2190879483 0.411291049638
1.14045598122 0.396578709804
1.0916569731 -0.318499114486
1.17400756406 0.206605173221
1.04030135924 -0.478387440532
0.899515272492 -0.516105276885
0.782520852941 -0.545598713284
0.661341670755 -0.572567660659
0.535885347233 -0.593266540042
-0.656516385127 -1.42648142394
-0.748562779733 -0.682973317284
-0.865749413993 -0.676320692922
-0.982894284319 -0.67136131246
-1.09906305785 -0.669606347285
-1.21329760968 -0.67304452114
-1.32456024606 -0.683922654527
-1.43168717983 -0.704537918792
-1.53337793184 -0.736978900412
-1.62824996359 -0.782823744266
-1.71494923631 -0.842904051986
-0.612686103737 -1.31193881276
-1.7922489524 -0.917267882486
-1.85906750192 -1.00534756435
-1.91440137116 -1.10620101208
-1.9572113104 -1.2187020532
-1.9862802282 -1.34164219824
-2.0 -1.4737655503
-1.99587183457 -1.61379406427
-1.968455686 -1.76068198249
-1.85302477479 -1.85041890112
-1.73326329875 -1.91579043211
-0.570625432008 -1.19457017561
-1.61246570081 -1.96145877072
-1.49281901256 -1.98921743918
-1.37610895994 -2.0
-1.26393892359 -1.99433496067
-1.15782429419 -1.97252818308
-1.05920567355 -1.93481115469
-0.969357000389 -1.88153844101
-0.889159411187 -1.81344473049
-0.818801574365 -1.73185416702
-0.757606428863 -1.6386680769
-0.5284078434 -1.07650025772
-0.704140579866 -1.53611745717
-0.484320304707 -0.960216919952
-0.437839143893 -0.848746805037
-0.385692356656 -0.72416814765
-0.51807694862 -0.70048722416
-0.632306905521 -0.690643416446
