-1.52376018526 1.26046119116
-0.6878864082 2.0
0.20474591719 1.99201235527
-0.841284179571 0.918510903758
-2.0 0.970858443102
1.29742898676 1.81432175351
-1.63579054199 0.13462319377
-0.294173548619 0.857213147626
0.926497985509 1.15816430843
-1.7374799222 -0.821179422904
-0.88312265676 -0.21007946886
1.67875876505 -0.348499008549
-0.0174305420331 -1.52140547576
0.430250304553 -2.0
1.18545468633 -1.44412952819
2.0 -1.0426341637
-1.08557990602 -1.31552625863
1.96564097464 0.337510936579
0.795249868246 -0.685767636364
-0.484351984391 -0.805447905146
2.0 1.32885663833
1.51779011351 0.639862779579
