0.129942841727 -0.945741435151
1.3958962333 -0.629838921198
1.94127747895 0.439143530908
-1.0098891781 -0.890929629735
-1.44652104898 -1.78517866058
-1.2615229843 1.82357556564
-0.335424960666 2.0
0.21528620105 1.35153561241
-1.67276516285 0.57132244514
-2.0 1.31348996308
-1.92272448075 -0.604534895541
-0.0417291700297 0.655032548355
-1.53193513967 0.0070292819214
-2.0 -1.14549782132
1.00961301068 0.507182418184
1.54674879231 1.15806881207
0.795518821968 -1.77778261377
1.58308622544 -2.0
2.0 -1.60231347719
1.00655928067 -1.15910097327
-0.342438246836 -1.92963968404
1.76833715398 0.0254938829117
