-1.10769812283 0.796851620918
0.436444903913 1.39520804557
-1.30136490291 0.588897019917
-1.26595780703 0.856847595691
0.385046541972 1.12115502803
-1.10056668591 1.32788074497
-1.07236671225 0.351539338436
1.04526960309 0.852150164812
-0.541319306367 1.37003783807
1.25316859701 0.655224943387
1.19812592624 0.920567050389
-0.469042459868 1.09921870868
0.997447815251 1.38201131664
1.04613651942 0.405275968307
1.22103656318 -0.776023559773
-0.427331393958 -1.39310819384
1.1139184674 -0.60257196522
1.16366455896 -0.884737239435
-0.420071009155 -1.12354573159
1.05635476518 -1.33882686011
1.31530346253 -0.321129325975
-1.16074858525 -0.837056850834
0.531875774354 -1.36810040994
-1.0650178091 -0.658286750675
-1.09341486341 -0.942143955349
0.503762356801 -1.09874600493
-0.953150420909 -1.39037446669
-1.28950577636 -0.38821406944
