1.26731916861 0.597169221528
0.292936148024 1.48487314419
1.55985553641 0.183936781695
1.53348071597 0.524357769138
0.215730330078 0.971127692759
1.65113871872 1.02254002916
0.986112925992 0.0383626880577
-0.474308990296 1.13391719885
0.969519687246 1.27150832257
-1.02860132767 0.977956709063
-0.736448774325 1.21679711759
0.609265287296 0.831390278704
-0.424663043388 1.66091240942
-0.706111659486 0.563479390174
-1.53306202247 -0.549207071973
-0.328177185195 -1.46649949967
-1.36523319209 -0.255213618623
-1.19506040508 -0.603062578213
-0.0906717645155 -0.959987111058
-1.57523583457 -1.07108727021
-1.32479153628 0.0852306566712
0.713947842888 -1.24233389945
-0.932359773679 -1.28470216541
0.822583566994 -0.932458082666
0.41320984596 -1.10857146655
-0.709075560399 -0.783767974147
0.323810002154 -1.65767229307
1.06489129311 -0.648996378527
