1.29916294823 -1.52329649275
0.986813012429 -1.62105878661
1.09355168596 -1.82894300986
1.21808248086 -1.71727724595
1.46235725259 -1.57418641942
1.74167403916 -1.41707604874
1.76079919486 -1.26234074763
1.86627593545 -1.01664835452
1.47875254575 -1.23425019672
1.75719261975 -1.13603933717
0.0997142698623 -1.55221380641
-0.0292051876875 -1.77863684531
-0.0389080824906 -1.85370396445
-0.239812167015 -1.73245939933
-0.175078068599 -1.71444188721
0.525619153514 -1.20742342266
0.694657811541 -1.07498746751
0.20899720179 -1.1118230268
-0.148503634681 -1.11622994318
-0.193922548247 -1.04684847047
-0.798314347085 -0.637076094061
-1.05660742284 -0.446395014289
-1.30336212684 -0.55407971633
-1.12520681183 -0.731263041453
-0.643699453908 -0.834782702926
-1.25128344862 -1.76058150145
-1.53153663092 -1.60520089649
-1.46353339909 -1.47564532901
-1.24953496724 -1.67881819721
-1.08448091295 -1.83085732768
-1.00739363713 -1.08545261524
-1.42375904755 -1.25171319366
-1.83713518389 -1.12593296086
-1.82817257398 -1.1017743427
-1.54319359046 -1.08345074632
0.272917326602 -1.40304743395
0.90027456061 -1.22626524873
1.02385747846 -1.06091119431
0.163416028854 -1.32903541599
-0.278006701839 -1.5012181715
1.08677328601 -0.70784408578
1.04944471063 -0.862238829028
0.580537941752 -0.954652252507
0.0429150791939 -0.865538090243
0.638629353896 -0.648969777602
0.712898154997 -0.281963048073
0.627582526142 -0.117506380503
1.06844868962 -0.211014932745
1.1996400347 -0.318382690238
0.854404022356 -0.438260619044
-1.62654545001 1.58811891645
-1.69017399699 1.60798947854
-1.58792914473 1.29582510841
-1.53063220635 1.46443064092
-1.1852148416 1.61635769633
-0.434846536824 1.63168975338
0.066530745278 1.84669158862
0.111233234733 1.7759159078
-0.761812849937 1.59017757177
-0.988888841818 1.83142871208
-1.31472173663 1.15618873703
-1.50128948579 0.948149161951
-1.62410968047 0.820247626708
-1.82889966235 0.981984092223
-1.70683668753 1.01661971019
0.0608024773063 1.51012121537
0.28879005605 1.386289547
-0.133257651308 1.40147855872
-0.724083112752 1.37692444425
-0.384241139796 1.43553249052
-1.5930803185 0.515749943043
-1.76788419042 0.833077518806
-1.70643206288 0.458311891595
-1.83682100532 0.0372604699677
-1.53274897058 0.257158045388
1.64442883802 1.40966619751
1.56849915216 1.6149613609
1.30843531936 1.7024265525
1.27632155395 1.64708504907
1.58021663026 1.32729120253
1.7998066452 0.303262521787
1.64743172178 0.748932036288
1.73255047171 0.928709858902
1.86790253958 0.94878248881
1.77452473234 0.524105254314
0.994834127882 1.37091461673
0.821213736582 1.53545927187
0.557619021895 1.6156672378
1.03299225389 1.79096577378
1.12535870367 1.65045346372
0.913038816634 1.06547769597
1.1264575589 0.725126232843
1.3852716865 0.676735505776
1.30391641693 0.937591556052
0.809779354492 1.22885850744
0.724665969696 0.265675862431
1.20513523113 0.238269687409
1.39303693783 0.278217337669
1.14845850985 0.481373071286
0.922424407397 0.386537901253
0.161178869414 0.132399283773
0.0176161200831 0.0308987384498
-0.219862579849 -0.0576888354238
-0.547423932309 -0.149368119125
-1.03394195662 -0.230564486176
-1.62266465217 -0.114488259994
-1.5990334859 -0.045876290989
-1.38522297237 0.0609386885561
-1.08252014848 0.210693683844
-0.536288704935 0.222827759178
