-0.494041451994 0.156895089954
-0.420790507547 0.279188854531
-0.144738757512 0.287597155475
-0.0827041720768 0.0420526947617
-0.344881544016 0.0479665079277
1.6562186601 -1.44164765757
1.43891027616 -1.55884618892
1.12749829241 -1.46189091634
1.33509176311 -1.19554360037
1.65014808756 -1.28276316195
0.401362636503 -1.77664983965
0.0758118136674 -1.91666980422
-0.124225988342 -1.7890598761
0.273365327335 -1.84422367246
0.746691504313 -1.67435857614
0.615154078066 -1.21037662251
0.85674326791 -1.06125341891
1.12648881162 -0.919139482303
1.15587622691 -1.04783078763
0.926538033899 -1.17717289053
0.241987222542 -1.46847573321
0.155313911383 -1.28658835218
0.320198601399 -1.56785688536
0.542508820368 -1.75646346557
0.44296023232 -1.64342384416
1.67647174569 -0.583709830849
1.18976619711 -0.600895545858
1.62657728342 -0.626022915294
1.9695794504 -0.639755033216
2.0 -0.594157040926
-1.85073893868 -1.67266208204
-1.83469632751 -1.85386319392
-1.57446090938 -2.0
-1.27788780197 -1.90492688798
-1.60405672063 -1.84781334499
-1.48358154813 -1.07487177348
-1.71492299332 -1.22979464502
-1.87820252222 -1.41815728626
-2.0 -1.29020818538
-1.8386723757 -1.13929500719
-0.866371899439 -1.79571775168
-0.477238598947 -1.62812909486
-0.496594531035 -1.38254066975
-0.757688960951 -1.52708369132
-0.891466015109 -1.67167079624
-0.340657844525 -1.11659032438
-0.696430766663 -1.18109551763
-0.915249880923 -1.10110057415
-1.0215778035 -0.963784971963
-0.553384437042 -0.861737389875
1.41585223823 1.86703254114
1.70413603885 1.82031795373
1.57093535338 2.0
1.25314973023 1.93917876493
1.08897704968 1.77428196023
-0.835510104144 -0.557176056813
-0.437904855388 -0.574124641507
-0.762904264803 -0.573013278661
-1.16985361859 -0.552411526303
-1.10986288156 -0.567386776774
0.843168843254 -0.375225802648
1.14243677427 -0.269116914775
0.450254547606 -0.294454878999
0.0651557757376 -0.188388961848
-0.0874303052811 -0.337750816627
0.20342948177 -0.242450032631
0.525994108781 -0.125753351467
0.96116091506 -0.0244964625048
1.28564060708 -0.0954943318843
1.35081576209 -0.17071232686
1.85914566066 1.59136721911
2.0 1.48337482012
1.83758110329 1.33840001969
1.50414404443 1.24187464746
1.69019246517 1.40853656406
0.864415682567 1.33944689228
0.56463175527 1.42318412942
0.269832592539 1.38547402464
0.470433437318 1.55183942676
0.838315837635 1.5727281542
0.721051831735 0.96993327657
0.454763452975 0.799367911503
0.762395751297 0.832728227647
1.06643563359 0.81751967236
1.05235398374 1.08013036133
1.45680053005 0.506336198816
1.45198593578 0.34266986103
1.19128510282 0.212746444667
1.20840844531 0.407741382612
1.22573973756 0.60334005053
-1.22756705795 1.43886637902
-1.48228412392 1.55437925501
-1.68931511422 1.43726808692
-1.71612117333 1.27602281971
-1.42997632823 1.1799446283
-1.404244927 0.828191473434
-1.15659799703 0.733321727805
-0.799909138496 0.695766712014
-1.07948548312 0.815644145486
-1.35472242382 0.948034909818
-0.63340378023 1.4665407081
-0.391168634197 1.36875963361
-0.163479038974 1.19436331155
-0.545531875693 1.31815763037
-0.840575206194 1.43005746443
-0.391070950385 0.819356471456
-0.319150517429 0.687089739882
-0.114060491652 0.611355079307
-0.160219321957 0.891335766192
-0.360113603406 0.941774369026
