1.25387344738 1.64949160818
1.67534297329 1.12400509343
0.55603851336 1.77440373878
1.00724944084 1.3635098416
1.3958481642 0.54647813486
-1.27057191856 1.59629787096
-1.70325405812 1.02862822278
-0.541593731781 1.78267988689
-1.02732700029 1.01888202279
-1.57952910882 0.145421647528
-1.51621148467 -1.39700091078
-0.765489348892 -1.73740162161
-1.71680464714 -0.889674457973
-0.197085223128 -1.6598184357
-1.65906342574 -0.232826496336
1.21435537392 -1.66568966658
1.74872576561 -0.877158016419
0.699038878166 -1.73448763451
1.20763215178 -0.899876100209
1.56966402702 -0.079250781078
-0.0453853890789 0.0225733367926
