-1.14254673916 -0.0329409266119
-2.0 1.83526376178
-1.0526370316 2.0
-1.6628034519 1.31244139721
-0.738975161733 1.50534636393
-1.46310232537 0.80618376358
1.505673965 1.47095647849
1.86855190973 1.01987303955
0.447488719831 1.59465495795
0.926668838973 0.85361929345
1.76032994252 -2.0
0.904778085297 0.303892816314
-0.169334314656 0.15123958009
2.0 -1.68182271609
0.692330103846 -1.62534875397
0.922901472186 -1.05112710717
0.927086331356 -0.502116524936
-1.67666446662 -1.21367526619
-2.0 -0.767234550384
-0.632011491174 -1.32325514324
-0.998276183905 -0.614048236855
