1.0714544355 1.91582421521
-0.0112007597148 -1.92495177981
-1.07145542312 -1.91582402851
-1.76393236124 -1.76393281858
-1.91582412257 -1.07145457044
-1.92495151305 -0.0112013834862
-1.92494756196 0.0112033531281
-1.9158242077 1.07145457444
-1.76393252604 1.76393260022
-1.0714544046 1.91582422435
-0.0112014937673 1.92495146614
1.76393254973 1.76393255294
0.0112017121381 1.92495108263
1.91582418948 1.07145466717
1.9249487985 0.0112027031765
1.92495153634 -0.0112013005995
1.91582411443 -1.07145461545
1.76393243221 -1.76393282376
1.07145531513 -1.91582403778
0.0112008575205 -1.92495140737
