-0.919300454434 -1.80422605471
-1.43184409677 -1.43183986534
-1.80422618979 -0.919297886364
-2.0 -0.316766871762
-1.99999920767 0.316770874339
-1.80422505794 0.919300537244
-1.43183970033 1.43184372232
-0.91929735576 1.80422647471
-0.316766744397 2.0
0.316770135593 1.99999957001
0.919302585026 1.80422229195
1.4318394377 1.43184275169
1.80422808133 0.91929466229
1.99999911093 0.316766204695
2.0 -0.316770091944
1.8042173113 -0.91930856151
1.43184937354 -1.43183396991
0.919290856544 -1.80423403789
0.316767612065 -2.0
-0.316771531352 -2.0
