-1.14159917821 1.78646048617
-1.5369168695 1.61413254817
-1.64824513962 1.5309298408
-1.77620479303 1.17324697376
-1.75849730826 1.16448704966
-1.41059644197 1.42622564507
-1.15608621461 1.74785717298
-1.06097840657 1.26679386038
-1.17566864379 1.32326181295
-1.25164546504 1.3495379702
0.0650266853528 1.48767253166
-0.458392417318 1.09694521057
0.804038671658 1.71443370868
0.215868729166 1.71233106537
0.0849326020931 1.8363234547
1.06032699799 1.83547690436
0.409712252394 1.72091000948
0.015725965918 1.71200034583
-0.144924725019 1.62775186871
-0.170037270628 1.48730194789
-0.402151193899 1.34015123357
-1.31399384472 0.0691242647541
-1.60183511216 0.124817970495
-1.74734207294 0.142515748612
-1.36866173218 0.362142824624
-0.960662610673 0.488466726374
-0.563550835765 0.487817076317
-0.334631148013 0.465451909085
-0.997567865746 0.0113511369015
-0.250507294521 0.385902589291
0.354480218438 0.197993505582
0.206642764564 0.344249815933
0.531104083866 0.728890070844
0.386213894613 0.86009739003
0.199734228955 0.67444184978
0.0491867599848 0.431143064057
1.83928369126 1.142971281
1.78015768058 1.21803143409
1.51150749821 1.08922608542
1.14344217965 0.818430684344
0.687509794905 0.451018053255
1.18472710208 0.744344425413
1.57848622982 1.02206606192
1.04091706941 -0.0874468105466
0.836029041301 0.0820051194614
1.52966522306 0.324200311299
1.75141070095 0.377984201358
1.80427898259 0.288614445508
1.75731205053 0.249821737158
1.4590706008 0.237721359948
0.996499387072 0.130655831952
0.942992639707 -0.231622553196
1.64168999629 -1.4468120318
1.84055983639 -0.946297032594
1.79837521145 -0.818951437446
1.73024963397 -0.583505009739
1.67106503778 -0.457849281622
1.53151987465 -0.480131837165
1.29612158954 -0.545232556899
0.94932356583 -0.597959216294
0.6773064368 -1.0599622435
0.873785808857 -1.2949690044
1.00242216302 -1.54536177176
1.03895288774 -1.78631416915
1.0704695336 -1.75923591897
1.3308427295 -1.56944360102
1.64157836089 -1.5880731357
-0.427872487471 -1.48314401145
-0.882340391241 -1.52112521338
-1.14932582821 -1.54025210256
-1.21367865326 -1.77785561774
-1.11715160696 -1.82739086448
-0.660050606589 -1.62631142901
-0.0340283072895 -1.82864400354
0.0471506978928 -1.66239848865
0.253018645153 -1.36877610641
-0.0684896737019 -1.52633919198
-1.60512216648 -1.30573898475
-1.6015213282 -0.979014806369
-1.52693404455 -0.551306150231
-1.341441479 -0.365495529353
-1.25698356488 -0.830958007397
-1.26583164055 -1.23417545562
-1.54398781877 -1.48918378683
-1.73350946002 -0.160281550462
-1.82201567871 -0.0627284718909
-1.72014334693 -0.678146860445
-1.70641771777 -0.478591685212
-1.85081971428 -1.01511466249
