-0.869276517843 -0.558802249814
-1.10588544926 -0.759052478512
-1.36594329119 -0.917754529826
-1.66417383564 -0.966945023464
-1.83085685569 -0.879525034282
-1.62499026138 -0.72572113377
-1.31602533842 -0.540634037403
-1.71009913595 0.272265442402
-1.36712003909 0.394869451676
-1.21290188323 0.150516477193
-1.48476713341 -0.0278991809715
-1.64509099238 -0.206334435228
-1.63139577117 -0.387460436217
-1.9207602492 -0.280570616698
-2.0 -0.0943380920414
-1.93316557056 0.112495280119
-1.88132404753 1.02636495771
-0.817459319364 1.61041277676
-1.03106149229 1.69829812638
-1.31440004416 1.68058673625
-1.60409908027 1.58251279117
-1.82443605805 1.39836354814
-1.94607351848 1.19473158899
-1.73341393925 0.899099603114
-1.53410031707 0.802335687362
-1.25578686597 0.700740723859
-0.98729886051 0.907438094475
-0.730945083975 1.03201907312
-0.40650176449 1.11791556632
-0.525011168316 1.32575426966
-0.654424788056 1.48032301778
0.747527179576 1.64554727571
0.870907813113 1.83322849261
0.557538733212 1.45471823218
0.342421702144 1.26441369577
0.0691158191447 1.03944075594
0.192424639245 1.2869322613
0.325173595375 1.4988315268
0.473026836145 1.7029327002
0.647160582744 1.88129906906
0.864004433261 2.0
0.302721001101 0.746939341185
0.548560609944 0.848596209616
0.829558105512 0.937301760429
1.01975268994 0.883199983194
1.01571185845 0.676173323476
0.8160410784 0.547398892861
0.406061702388 0.460669624284
1.20306680349 0.631326881498
1.48038994775 0.738722113183
1.8088021016 0.87380101255
1.98348257292 0.972655580609
2.0 0.924750576994
1.87610064623 -1.2935308052
2.0 -1.16821916771
1.85050588306 -1.04014757985
1.61560514808 -0.978327728146
1.29490576445 -0.98566949956
1.4389848188 -1.16096405974
1.63143055425 -1.26402263289
0.978206028808 -0.923530413183
0.821120549759 -0.896903302737
0.924611436031 -0.973792630582
0.1620663595 -1.21312490048
0.372995009867 -0.858371942713
-0.169325443413 -1.5578916382
-0.169106891893 -1.78566982142
-0.086205728644 -1.9315644525
-0.3138973359 -2.0
-0.365749758161 -1.81343330772
0.139321140698 -1.57090006466
0.312671314555 -1.63872822427
0.256050456541 -1.72139308352
0.264310538975 -1.3976679258
-0.376845802077 -0.432365754862
-0.123373751314 -0.171600757595
0.180487511027 0.105785085217
0.232765591283 -0.141739969191
0.312048677268 -0.363883167494
0.22725582629 -0.614779563097
-0.0516109666774 -0.696504754695
-0.208899176139 -0.602502553223
-0.0338657869103 -0.110152059981
-0.822201333946 0.0989709422153
-0.87192565899 0.0153825120728
-0.395351657349 -0.0369123547002
-0.124291414428 0.132241748407
-0.322594010373 0.162329818431
-0.601213620181 0.16819862177
