1.67698173222 2.0
2.0 1.82494706173
1.80783083711 1.50476054365
1.94986201702 1.92737577097
1.24787518958 1.24859664456
1.45636556634 1.72711713695
1.41815015024 1.09936884389
0.900434275831 1.40797356174
1.46824943489 0.0897192191887
1.19507058767 0.186691746369
1.44126458383 0.522593450625
-2.0 1.12188294878
-1.74093650919 0.947082706988
-1.34565455158 1.21437422039
-1.47854121395 1.56299857006
-1.50691438429 0.560021748076
-1.16684925647 0.280337523471
-0.739142210607 0.408248194433
-1.03763895362 0.907845568004
-1.14940389318 -0.320764224615
-1.08895702312 -0.523653153385
-0.821933638454 -0.618153736527
0.254896117267 -1.83143169029
0.570709349235 -1.71023192993
-0.154180357569 -2.0
-0.112747956599 -1.5924256846
0.439850794145 -1.11882999452
0.833509486595 -1.21418282322
0.169506749319 -0.731644157642
-0.260876686232 -0.973894277169
0.767019901045 -0.558259613355
0.542652646038 -0.0603812690546
0.696440569762 -0.350250807166
-0.233708726184 0.725425296526
-0.117605601494 1.23392546167
0.141534172213 1.43309125915
0.460534609548 1.19784603396
0.228232127775 0.610059784399
-1.70329968648 -1.95813106597
-2.0 -1.99686091177
-1.91258523399 -1.61342853768
-1.67005367684 -1.34783852037
-1.30426700793 -1.22651671266
-1.46759114362 -1.67994036251
1.68878114006 -1.33173647566
1.38638134992 -1.04931843217
1.66918240104 -0.462042972333
1.99596343288 -0.703333944091
1.95307442021 -1.10968190097
