1.17921456817 1.72925588801
1.62925527456 1.55049263644
1.80085171469 1.09335213122
1.64835819892 1.64716085642
1.25149528269 1.35572488133
1.04470915481 1.82270231037
1.63452892966 1.09297591918
0.912380949653 1.69354361134
1.83201023574 0.064087943353
1.43794109582 0.293425161014
1.61465784564 0.686633827378
-1.85088267329 1.10246703811
-1.77374065326 1.08455627915
-1.41036617189 1.63757823543
-1.28246272927 1.82788557595
-1.77127055239 0.2379523596
-1.69398795096 0.187114874574
-1.07672557503 0.584402243081
-1.27107781531 1.25665114067
-1.77932462228 -0.0472216919839
-1.54728662893 -0.302519133245
-1.18396706958 -0.538796803805
0.153494470638 -1.69630313693
1.00769504438 -1.84155961318
-0.0783297863449 -1.85758967849
-0.254532058538 -1.62374160518
0.473937027965 -1.21692035326
0.966636235983 -1.41854168416
0.0907137377182 -0.758283784339
-0.468376166009 -1.04319883224
0.845223941706 -0.55078900702
0.572145003247 0.0443747685361
0.767544812719 -0.29659148668
-0.459535815166 1.03721837785
-0.329167535149 1.61445130443
-0.0809820821489 1.86034857279
0.316400063978 1.48489637797
0.123304745792 0.860048789468
-1.196132791 -1.76057295652
-1.60951941265 -1.67540390984
-1.77354616149 -1.06031134313
-1.83663303373 -0.987362365341
-1.46944975295 -1.12580809112
-1.14678121882 -1.76016729508
1.63184783232 -1.58186012053
1.44697282417 -1.18853169128
1.82401365415 -0.0275983650128
1.67514782019 -0.654197286585
1.84771015748 -1.05968418416
